import numpy as np
import pandas as pd

def load_data_Q4a():
 #Ex.2.3.1
 data = [1.17, 2.50, 2.00, 2.33, 1.67, 1.33, 1.17, 2.17, 2.17, 1.33,\
           2.17, 2.00, 2.17, 1.17, 2.50, 2.00, 1.50, 1.50, 1.00, 2.17,\
           2.17, 1.67, 2.00, 2.00, 1.33, 2.17, 2.83, 1.50, 2.50, 2.33,\
           0.33, 2.17, 1.83, 2.00, 2.17, 2.00, 1.00, 2.17, 2.17, 1.33,\
           2.17, 2.50, 0.83, 1.17, 2.17, 2.50, 2.00, 2.50, 0.50, 1.50,\
           2.00, 2.00, 2.00, 2.00, 1.17, 1.33, 1.67, 2.17, 1.50, 2.00,\
           1.67, 0.33, 1.50, 2.17, 2.33, 2.33, 1.17, 0.00, 1.50, 2.33,\
           1.83, 2.67, 0.83, 1.17, 1.50, 2.17, 2.67, 1.50, 2.00, 2.17,\
           1.83, 2.67, 0.83, 1.17, 1.50, 2.17, 2.67, 1.50, 2.00, 2.17,\
           1.33, 2.00, 2.33, 2.00, 2.17, 2.17, 2.00, 2.17, 2.00, 2.17]

 return data

def load_data_Q4b():
 # Ex.2.3.2
 data = [8.1, 10.0, 5.0, 7.0, 10.0, 3.0, 20.0, 4.0, 4.0, 6.0, 6.0, 7.0, 10.0, 4.0, 3.0, 5.0, 6.0, 6.0, \
 6.0, 6.0, 6.0, 5.0, 4.0, 5.0, 6.0, 25.0, 10.0, 14.0, 6.0, 6.0, 4.0, 15.0, 5.0, 5.0, 8.0, 19.0,\
 21.0, 8.3, 7.0, 8.0, 5.0, 8.0, 5.0, 7.5, 7.0, 10.0, 15.0, 8.0, 10.0, 3.0, 15.0, 6.0, 10.0, 8.0,\
 7.0, 5.0, 10.0, 3.0, 7.0, 3.3, 15.0, 5.0, 5.0, 3.0, 7.0, 8.0, 3.0, 6.0, 6.0, 10.0, 15.0, 6.0,\
 3.0, 3.0, 7.0, 5.0, 4.0, 9.2, 16.0, 7.0, 8.0, 5.0, 10.0, 10.0, 9.0, 5.0, 5.0, 4.0, 8.0, 4.0,\
 3.0, 4.0, 5.0, 8.0, 30.0, 14.0, 15.0, 2.0, 8.0, 7.0, 12.0, 4.0, 3.8, 10.0, 25.0, 8.0, 9.0, 14.0,\
 30.0, 2.0, 10.0, 5.0, 5.0, 10.0, 22.0, 5.0, 5.0, 3.0, 4.0, 8.0, 7.5, 5.0, 8.0, 3.0, 5.0, 7.0,\
 8.0, 5.0, 9.0, 11.0, 2.0, 10.0, 6.0, 5.0, 5.0, 12.0, 9.0, 8.0, 15.0, 18.0, 10.0, 9.0, 5.0, 6.0,\
 6.0, 8.0, 12.0, 10.0, 5.0, 5.0, 16.0, 8.0, 5.0, 8.0, 4.0, 16.0, 3.0, 7.0, 13.0]
 return data

def load_data_Q4c():
 #Ex.2.3.3
 data = [33.57, 27.78, 40.81, 38.34, 29.01, 47.78, 26.86, 54.33, 28.99,\
 25.21, 30.49, 27.38, 36.42, 41.50, 29.39, 24.54, 41.75, 44.68,\
 24.49, 33.23, 47.09, 29.07, 28.21, 42.10, 26.54, 27.74, 33.48,\
 31.44, 30.08]
 return data

def load_data_Q4d():
 #Ex.2.3.4
 data= [ 11.23, 15.82, 29.63, 27.74, 20.42, 22.35, 10.12, 34.78, 39.91, 35.09,\
            32.66, 32.60, 38.38, 37.03, 36.21, 27.00, 16.39, 44.20, 27.44, 13.09,\
            17.29, 33.03, 56.20, 9.69, 28.94, 32.45, 20.11, 37.38, 25.35, 34.91,\
            21.77, 27.99, 31.62, 22.36, 32.63, 22.68, 30.31, 26.52, 46.16, 46.01,\
            56.61, 38.04, 24.47, 30.88, 29.39, 30.04, 40.71, 25.91, 18.52, 18.54,\
            27.80, 25.51, 19.49]
 return data

def load_data_Q4e():
 #Ex.2.3.11
 data = [0.0269, 0.0400, 0.0550, 0.0550, 0.0650, 0.0670, 0.0700, 0.0720,\
 0.0760, 0.0850, 0.0870, 0.0870, 0.0880, 0.0900, 0.0900, 0.0990,\
 0.0990, 0.0990, 0.0990, 0.0990, 0.0990, 0.0990, 0.0990, 0.0990,\
 0.0990, 0.0990, 0.0990, 0.0990, 0.0990, 0.0990, 0.0990, 0.0990,\
 0.0990, 0.0990, 0.0990, 0.0990, 0.0990, 0.0990, 0.0990, 0.0990,\
 0.0990, 0.0990, 0.0990, 0.0990, 0.0990, 0.1000, 0.1020, 0.1040,\
 0.1050, 0.1050, 0.1080, 0.1080, 0.1090, 0.1090, 0.1090, 0.1160,\
 0.1190, 0.1200, 0.1230, 0.1240, 0.1340, 0.1340, 0.1370, 0.1390,\
 0.1460, 0.1480, 0.1490, 0.1490, 0.1500, 0.1500, 0.1500, 0.1540,\
 0.1550, 0.1570, 0.1600, 0.1650, 0.1650, 0.1670, 0.1670, 0.1677,\
 0.1690, 0.1710, 0.1720, 0.1740, 0.1780, 0.1780, 0.1790, 0.1790,\
 0.1810, 0.1880, 0.1890, 0.1890, 0.1920, 0.1950, 0.1970, 0.2010,\
 0.2070, 0.2100, 0.2100, 0.2140, 0.2150, 0.2160, 0.2260, 0.2290,\
 0.2390, 0.2400, 0.2420, 0.2430, 0.2450, 0.2450, 0.2460, 0.2460,\
 0.2470, 0.2540, 0.2570, 0.2600, 0.2620, 0.2650, 0.2650, 0.2680,\
 0.2710, 0.2800, 0.2800, 0.2870, 0.2880, 0.2940, 0.2970, 0.2980,\
 0.2990, 0.3000, 0.3070, 0.3100, 0.3110, 0.3140, 0.3190, 0.3210,\
 0.3400, 0.3440, 0.3480, 0.3490, 0.3520, 0.3530, 0.3570, 0.3630,\
 0.3630, 0.3660, 0.3830, 0.3900, 0.3960, 0.3990, 0.4080, 0.4080,\
 0.4090, 0.4090, 0.4100, 0.4160, 0.4210, 0.4260, 0.4290, 0.4290,\
 0.4300, 0.4360, 0.4370, 0.4390, 0.4410, 0.4410, 0.4430, 0.4540,\
 0.4680, 0.4810, 0.4870, 0.4910, 0.4980, 0.5030, 0.5060, 0.5220,\
 0.5340, 0.5340, 0.5460, 0.5480, 0.5480, 0.5490, 0.5550, 0.5920,\
 0.5930, 0.6010, 0.6240, 0.6280, 0.6380, 0.6600, 0.6720, 0.6820,\
 0.6870, 0.6900, 0.6910, 0.6940, 0.7040, 0.7120, 0.7200, 0.7280,\
 0.7860, 0.7950, 0.8040, 0.8200, 0.8350, 0.8770, 0.9090, 0.9520,\
 0.9530, 0.9830, 0.9890, 1.0120, 1.0260, 1.0320, 1.0620, 1.1600]
 return data
